>YRTGTGTGTGTG	YRTGTGTGTGTG	7.806224	-23.025437	0	T:703.0(8.38%),B:1196.1(6.59%),P:1e-9
0.043	0.456	0.092	0.409
0.392	0.050	0.464	0.095
0.057	0.113	0.051	0.779
0.039	0.012	0.905	0.044
0.039	0.111	0.027	0.823
0.082	0.062	0.813	0.043
0.089	0.095	0.020	0.796
0.059	0.075	0.803	0.063
0.056	0.118	0.046	0.780
0.092	0.077	0.801	0.030
0.032	0.100	0.031	0.837
0.077	0.063	0.839	0.021
>CAAGCGTTCAGT	CAAGCGTTCAGT	10.466676	-33.030111	0	T:13.0(0.16%),B:1.8(0.01%),P:1e-14
0.102	0.774	0.077	0.047
0.768	0.111	0.053	0.068
0.755	0.069	0.097	0.079
0.084	0.050	0.813	0.053
0.123	0.623	0.126	0.128
0.117	0.137	0.625	0.121
0.059	0.127	0.092	0.722
0.074	0.085	0.082	0.759
0.042	0.817	0.073	0.068
0.802	0.061	0.036	0.101
0.046	0.087	0.794	0.073
0.076	0.082	0.093	0.749
>TCTCTCTCTCTC	TCTCTCTCTCTC	7.586064	-21.407412	0	T:1134.0(13.52%),B:2060.1(11.35%),P:1e-9
0.049	0.155	0.043	0.753
0.011	0.798	0.099	0.092
0.006	0.173	0.027	0.794
0.009	0.881	0.083	0.027
0.011	0.213	0.006	0.770
0.019	0.863	0.030	0.088
0.013	0.160	0.003	0.824
0.006	0.786	0.129	0.079
0.023	0.230	0.008	0.739
0.021	0.756	0.053	0.170
0.045	0.234	0.060	0.661
0.070	0.679	0.125	0.126
>WGAATGAAYSAA	WGAATGAAYSAA	11.542444	-27.170382	0	T:14.0(0.17%),B:3.0(0.02%),P:1e-11
0.524	0.001	0.001	0.474
0.001	0.001	0.988	0.010
0.997	0.001	0.001	0.001
0.997	0.001	0.001	0.001
0.001	0.001	0.001	0.997
0.001	0.001	0.997	0.001
0.997	0.001	0.001	0.001
0.997	0.001	0.001	0.001
0.001	0.520	0.010	0.469
0.001	0.545	0.453	0.001
0.941	0.001	0.057	0.001
0.997	0.001	0.001	0.001
>TGGCCTTGTTAG	TGGCCTTGTTAG	11.910591	-45.551630	0	T:33.0(0.39%),B:8.9(0.05%),P:1e-19
0.066	0.001	0.071	0.862
0.066	0.001	0.867	0.066
0.001	0.001	0.997	0.001
0.001	0.997	0.001	0.001
0.001	0.932	0.001	0.066
0.001	0.066	0.001	0.932
0.001	0.001	0.066	0.932
0.001	0.066	0.932	0.001
0.001	0.066	0.001	0.932
0.066	0.001	0.001	0.932
0.746	0.133	0.054	0.067
0.137	0.001	0.796	0.066
>TAGGATTGTGAG	TAGGATTGTGAG	11.735443	-54.472974	0	T:19.0(0.23%),B:1.9(0.01%),P:1e-23
0.046	0.001	0.118	0.835
0.809	0.001	0.144	0.046
0.001	0.001	0.997	0.001
0.092	0.001	0.906	0.001
0.530	0.093	0.191	0.186
0.153	0.098	0.001	0.748
0.001	0.001	0.001	0.997
0.001	0.001	0.953	0.045
0.144	0.001	0.001	0.854
0.046	0.185	0.768	0.001
0.808	0.001	0.190	0.001
0.001	0.045	0.953	0.001
>CCTTCAAATTGT	CCTTCAAATTGT	11.573550	-50.752827	0	T:18.0(0.21%),B:1.4(0.01%),P:1e-22
0.048	0.927	0.001	0.024
0.048	0.950	0.001	0.001
0.048	0.001	0.001	0.950
0.048	0.048	0.001	0.903
0.001	0.950	0.048	0.001
0.927	0.048	0.001	0.024
0.903	0.048	0.048	0.001
0.902	0.096	0.001	0.001
0.001	0.221	0.097	0.681
0.097	0.001	0.243	0.659
0.001	0.097	0.854	0.048
0.001	0.001	0.221	0.777
>TCTTCCGGCGAC	TCTTCCGGCGAC	11.655079	-47.947803	0	T:21.0(0.25%),B:2.0(0.01%),P:1e-20
0.001	0.055	0.117	0.827
0.001	0.997	0.001	0.001
0.001	0.001	0.001	0.997
0.001	0.117	0.055	0.827
0.001	0.997	0.001	0.001
0.221	0.777	0.001	0.001
0.001	0.001	0.997	0.001
0.001	0.055	0.943	0.001
0.056	0.659	0.167	0.118
0.172	0.001	0.826	0.001
0.643	0.183	0.118	0.056
0.055	0.778	0.166	0.001
>DGTTTAATCCCH	DGTTTAATCCCH	8.258451	-35.737720	0	T:17.0(0.20%),B:2.2(0.01%),P:1e-15
0.355	0.177	0.222	0.246
0.127	0.148	0.580	0.145
0.107	0.132	0.112	0.649
0.094	0.123	0.124	0.659
0.111	0.134	0.129	0.626
0.597	0.149	0.134	0.120
0.610	0.131	0.135	0.124
0.135	0.120	0.134	0.611
0.101	0.642	0.120	0.137
0.126	0.658	0.079	0.137
0.127	0.643	0.089	0.141
0.238	0.230	0.165	0.367
>TCGGACTTTTAT	TCGGACTTTTAT	11.245905	-43.477743	0	T:16.0(0.19%),B:0.9(0.00%),P:1e-18
0.020	0.040	0.040	0.900
0.080	0.760	0.100	0.060
0.100	0.080	0.620	0.200
0.020	0.001	0.879	0.100
0.760	0.080	0.100	0.060
0.020	0.860	0.100	0.020
0.001	0.039	0.001	0.959
0.001	0.040	0.040	0.919
0.020	0.060	0.020	0.900
0.020	0.020	0.040	0.920
0.860	0.060	0.020	0.060
0.040	0.080	0.001	0.879
>GGGGTCAATGAA	GGGGTCAATGAA	10.248803	-39.871861	0	T:21.0(0.25%),B:3.2(0.02%),P:1e-17
0.063	0.016	0.889	0.032
0.016	0.016	0.920	0.048
0.047	0.001	0.841	0.111
0.079	0.032	0.826	0.063
0.063	0.032	0.048	0.857
0.063	0.779	0.095	0.063
0.889	0.032	0.016	0.063
0.873	0.016	0.048	0.063
0.063	0.001	0.063	0.873
0.016	0.032	0.873	0.079
0.747	0.111	0.063	0.079
0.810	0.079	0.095	0.016
>CAAAACCYTTGA	CAAAACCYTTGA	10.150902	-51.122362	0	T:22.0(0.26%),B:2.9(0.02%),P:1e-22
0.191	0.634	0.147	0.028
0.933	0.021	0.023	0.023
0.484	0.113	0.275	0.128
0.704	0.264	0.015	0.017
0.920	0.036	0.013	0.031
0.135	0.528	0.237	0.100
0.035	0.757	0.015	0.193
0.149	0.491	0.009	0.350
0.136	0.178	0.204	0.483
0.038	0.024	0.211	0.727
0.198	0.023	0.616	0.163
0.733	0.036	0.193	0.038
>ACATCATTGCTC	ACATCATTGCTC	11.075730	-50.033009	0	T:35.0(0.42%),B:9.0(0.05%),P:1e-21
0.868	0.001	0.001	0.130
0.065	0.902	0.032	0.001
0.803	0.033	0.131	0.033
0.117	0.033	0.033	0.817
0.065	0.746	0.156	0.033
0.997	0.001	0.001	0.001
0.032	0.196	0.001	0.771
0.065	0.001	0.181	0.753
0.032	0.001	0.902	0.065
0.001	0.997	0.001	0.001
0.032	0.001	0.001	0.966
0.032	0.902	0.065	0.001
>GTTCAGTATTCA	GTTCAGTATTCA	9.028459	-43.691919	0	T:119.0(1.42%),B:99.4(0.55%),P:1e-18
0.049	0.073	0.813	0.065
0.041	0.110	0.032	0.817
0.073	0.078	0.016	0.833
0.032	0.928	0.016	0.024
0.833	0.016	0.001	0.150
0.041	0.008	0.927	0.024
0.081	0.049	0.102	0.768
0.715	0.078	0.114	0.093
0.032	0.069	0.049	0.850
0.041	0.057	0.049	0.853
0.065	0.870	0.008	0.057
0.859	0.032	0.016	0.093
>GGACGTAGCCAT	GGACGTAGCCAT	10.409522	-24.311674	0	T:15.0(0.18%),B:3.3(0.02%),P:1e-10
0.100	0.100	0.700	0.100
0.100	0.100	0.700	0.100
0.700	0.100	0.100	0.100
0.100	0.700	0.100	0.100
0.100	0.100	0.700	0.100
0.100	0.100	0.100	0.700
0.700	0.100	0.100	0.100
0.100	0.100	0.700	0.100
0.100	0.700	0.100	0.100
0.100	0.700	0.100	0.100
0.700	0.100	0.100	0.100
0.100	0.100	0.100	0.700
>GAGTCCTACTTA	GAGTCCTACTTA	10.814567	-32.649103	0	T:31.0(0.37%),B:11.1(0.06%),P:1e-14
0.032	0.032	0.935	0.001
0.903	0.001	0.032	0.064
0.001	0.064	0.903	0.032
0.032	0.034	0.161	0.773
0.065	0.838	0.065	0.032
0.033	0.965	0.001	0.001
0.064	0.032	0.001	0.903
0.804	0.066	0.129	0.001
0.001	0.814	0.096	0.089
0.032	0.032	0.001	0.935
0.032	0.129	0.161	0.678
0.676	0.097	0.066	0.161
>GATGGAGGGATG	GATGGAGGGATG	9.736045	-31.117284	0	T:98.0(1.17%),B:89.3(0.49%),P:1e-13
0.048	0.029	0.899	0.024
0.713	0.057	0.111	0.119
0.101	0.038	0.029	0.832
0.019	0.038	0.924	0.019
0.076	0.048	0.847	0.029
0.814	0.067	0.048	0.071
0.019	0.029	0.790	0.162
0.019	0.001	0.961	0.019
0.048	0.038	0.885	0.029
0.828	0.067	0.076	0.029
0.071	0.038	0.071	0.820
0.029	0.019	0.933	0.019
>TATATCTTGAGT	TATATCTTGAGT	11.337481	-44.819700	0	T:20.0(0.24%),B:2.7(0.01%),P:1e-19
0.001	0.149	0.001	0.849
0.839	0.001	0.001	0.159
0.160	0.150	0.001	0.689
0.789	0.001	0.060	0.150
0.001	0.001	0.001	0.997
0.001	0.997	0.001	0.001
0.001	0.099	0.001	0.899
0.050	0.001	0.100	0.849
0.001	0.001	0.949	0.049
0.839	0.001	0.050	0.110
0.001	0.001	0.849	0.149
0.001	0.050	0.250	0.699
>CGTCAGACCGCG	CGTCAGACCGCG	11.314838	-38.181733	0	T:28.0(0.33%),B:7.1(0.04%),P:1e-16
0.001	0.854	0.144	0.001
0.001	0.306	0.569	0.124
0.029	0.061	0.061	0.849
0.001	0.941	0.057	0.001
0.941	0.001	0.057	0.001
0.001	0.001	0.997	0.001
0.708	0.205	0.086	0.001
0.058	0.777	0.164	0.001
0.057	0.941	0.001	0.001
0.001	0.158	0.755	0.086
0.090	0.749	0.132	0.029
0.001	0.001	0.997	0.001
>TACTTGAAAACC	TACTTGAAAACC	11.256687	-24.446020	0	T:13.0(0.16%),B:2.4(0.01%),P:1e-10
0.043	0.065	0.022	0.870
0.913	0.065	0.021	0.001
0.043	0.760	0.043	0.154
0.087	0.043	0.022	0.848
0.108	0.065	0.065	0.762
0.120	0.043	0.750	0.087
0.913	0.022	0.043	0.022
0.913	0.022	0.022	0.043
0.848	0.065	0.065	0.022
0.913	0.022	0.022	0.043
0.021	0.935	0.043	0.001
0.108	0.806	0.043	0.043
