>VTGASTCACNNB	VTGASTCACNNB	6.970340	-1150.018081	0	T:5230.0(28.52%),B:1229.6(14.72%),P:1e-499
0.264	0.317	0.313	0.107
0.001	0.001	0.001	0.997
0.001	0.001	0.809	0.189
0.871	0.001	0.018	0.110
0.089	0.359	0.463	0.089
0.080	0.001	0.001	0.918
0.014	0.984	0.001	0.001
0.997	0.001	0.001	0.001
0.125	0.437	0.174	0.264
0.305	0.232	0.217	0.245
0.246	0.237	0.287	0.229
0.160	0.240	0.290	0.310
>CDGGGAATTCCC	CDGGGAATTCCC	7.416802	-297.993266	0	T:1417.0(7.73%),B:320.9(3.84%),P:1e-129
0.231	0.446	0.128	0.195
0.304	0.056	0.350	0.290
0.125	0.003	0.832	0.040
0.028	0.001	0.961	0.010
0.337	0.056	0.606	0.001
0.761	0.135	0.082	0.022
0.428	0.246	0.161	0.166
0.105	0.111	0.268	0.516
0.009	0.185	0.091	0.715
0.001	0.753	0.026	0.220
0.027	0.950	0.001	0.022
0.102	0.716	0.004	0.178
>GCAATGACTGGA	GCAATGACTGGA	11.100700	-91.315048	0	T:55.0(0.30%),B:2.3(0.03%),P:1e-39
0.058	0.030	0.869	0.043
0.048	0.815	0.079	0.058
0.845	0.027	0.024	0.104
0.722	0.073	0.178	0.027
0.125	0.015	0.069	0.791
0.021	0.044	0.908	0.027
0.807	0.087	0.033	0.073
0.035	0.890	0.057	0.018
0.094	0.009	0.018	0.879
0.030	0.015	0.914	0.041
0.057	0.033	0.872	0.038
0.833	0.033	0.089	0.045
>GAGGGAACACCC	GAGGGAACACCC	11.218387	-143.675162	0	T:60.0(0.33%),B:1.7(0.02%),P:1e-62
0.087	0.149	0.737	0.027
0.879	0.026	0.062	0.033
0.066	0.011	0.880	0.043
0.049	0.009	0.912	0.030
0.150	0.033	0.803	0.014
0.867	0.043	0.074	0.016
0.909	0.028	0.049	0.014
0.047	0.859	0.071	0.023
0.938	0.026	0.016	0.020
0.043	0.677	0.247	0.033
0.074	0.853	0.025	0.048
0.042	0.909	0.029	0.020
>CCTTTGGTCACT	CCTTTGGTCACT	11.310566	-114.504486	0	T:51.0(0.28%),B:1.4(0.02%),P:1e-49
0.087	0.806	0.075	0.032
0.042	0.856	0.009	0.093
0.045	0.054	0.032	0.869
0.021	0.090	0.191	0.698
0.119	0.017	0.041	0.823
0.044	0.012	0.863	0.081
0.021	0.087	0.868	0.024
0.057	0.037	0.054	0.852
0.062	0.849	0.074	0.015
0.916	0.018	0.012	0.054
0.021	0.890	0.032	0.057
0.063	0.024	0.032	0.881
>GACATTCTGTGA	GACATTCTGTGA	11.238972	-98.963790	0	T:46.0(0.25%),B:2.0(0.02%),P:1e-42
0.051	0.060	0.838	0.051
0.860	0.031	0.046	0.063
0.109	0.844	0.031	0.016
0.864	0.042	0.038	0.056
0.031	0.111	0.066	0.792
0.033	0.097	0.099	0.771
0.031	0.869	0.064	0.036
0.039	0.018	0.016	0.927
0.013	0.049	0.907	0.031
0.061	0.037	0.061	0.841
0.076	0.056	0.827	0.041
0.771	0.082	0.079	0.068
>RSDVTTGYGCAA	RSDVTTGYGCAA	8.507906	-170.604657	0	T:938.0(5.11%),B:223.6(2.68%),P:1e-74
0.394	0.070	0.319	0.217
0.276	0.294	0.429	0.001
0.327	0.142	0.212	0.319
0.331	0.311	0.357	0.001
0.006	0.001	0.001	0.992
0.001	0.001	0.001	0.997
0.007	0.030	0.605	0.358
0.167	0.418	0.141	0.273
0.273	0.048	0.514	0.165
0.378	0.567	0.054	0.001
0.997	0.001	0.001	0.001
0.997	0.001	0.001	0.001
>GCATTGGGAAAT	GCATTGGGAAAT	9.567679	-101.619047	0	T:59.0(0.32%),B:2.8(0.03%),P:1e-44
0.126	0.092	0.686	0.096
0.090	0.725	0.103	0.082
0.720	0.119	0.054	0.107
0.092	0.092	0.113	0.703
0.070	0.035	0.094	0.801
0.090	0.029	0.779	0.102
0.092	0.042	0.740	0.126
0.066	0.065	0.820	0.049
0.750	0.098	0.080	0.072
0.833	0.079	0.059	0.029
0.749	0.111	0.091	0.049
0.087	0.116	0.099	0.698
>AAAGAGAAGGTC	AAAGAGAAGGTC	11.332363	-92.895100	0	T:44.0(0.24%),B:1.8(0.02%),P:1e-40
0.880	0.027	0.079	0.014
0.830	0.070	0.051	0.049
0.880	0.034	0.066	0.020
0.037	0.069	0.874	0.020
0.909	0.007	0.054	0.030
0.066	0.038	0.879	0.017
0.881	0.041	0.027	0.051
0.887	0.026	0.027	0.060
0.053	0.034	0.847	0.066
0.047	0.065	0.690	0.198
0.040	0.094	0.031	0.835
0.157	0.783	0.030	0.030
>CAATGACTTCCA	CAATGACTTCCA	10.409522	-62.226644	0	T:43.0(0.23%),B:2.9(0.03%),P:1e-27
0.100	0.700	0.100	0.100
0.700	0.100	0.100	0.100
0.700	0.100	0.100	0.100
0.100	0.100	0.100	0.700
0.100	0.100	0.700	0.100
0.700	0.100	0.100	0.100
0.100	0.700	0.100	0.100
0.100	0.100	0.100	0.700
0.100	0.100	0.100	0.700
0.100	0.700	0.100	0.100
0.100	0.700	0.100	0.100
0.700	0.100	0.100	0.100
>AGTGTTGACATC	AGTGTTGACATC	9.323760	-76.406801	0	T:49.0(0.27%),B:2.4(0.03%),P:1e-33
0.640	0.059	0.129	0.172
0.095	0.133	0.700	0.072
0.117	0.060	0.088	0.735
0.054	0.103	0.733	0.110
0.194	0.144	0.145	0.517
0.089	0.037	0.181	0.693
0.059	0.143	0.706	0.092
0.592	0.116	0.099	0.193
0.113	0.716	0.112	0.059
0.674	0.105	0.056	0.165
0.098	0.102	0.178	0.622
0.113	0.601	0.164	0.122
>GGAAACCCCATG	GGAAACCCCATG	7.579157	-81.919932	0	T:576.0(3.14%),B:149.8(1.79%),P:1e-35
0.148	0.066	0.688	0.098
0.110	0.114	0.718	0.058
0.700	0.100	0.130	0.070
0.722	0.106	0.124	0.048
0.681	0.089	0.165	0.065
0.102	0.646	0.150	0.102
0.159	0.632	0.100	0.109
0.194	0.586	0.108	0.112
0.129	0.694	0.086	0.091
0.667	0.130	0.108	0.095
0.161	0.080	0.216	0.543
0.090	0.102	0.722	0.086
>GGTCTTCCCCAG	GGTCTTCCCCAG	10.672186	-76.406801	0	T:49.0(0.27%),B:2.7(0.03%),P:1e-33
0.101	0.125	0.652	0.122
0.071	0.192	0.605	0.132
0.097	0.108	0.150	0.645
0.033	0.741	0.125	0.101
0.078	0.084	0.037	0.801
0.040	0.086	0.082	0.792
0.058	0.781	0.067	0.094
0.055	0.816	0.029	0.100
0.072	0.773	0.041	0.114
0.066	0.845	0.040	0.049
0.807	0.049	0.055	0.089
0.084	0.094	0.746	0.076
>AGATGTGAGCAC	AGATGTGAGCAC	11.206142	-64.535533	0	T:44.0(0.24%),B:2.9(0.03%),P:1e-28
0.875	0.013	0.068	0.044
0.053	0.081	0.837	0.029
0.791	0.131	0.039	0.039
0.086	0.032	0.039	0.843
0.019	0.039	0.913	0.029
0.048	0.013	0.048	0.891
0.029	0.104	0.825	0.042
0.899	0.013	0.019	0.069
0.045	0.053	0.867	0.035
0.036	0.874	0.064	0.026
0.818	0.036	0.026	0.120
0.066	0.748	0.145	0.041
>CCTTGAGACTTC	CCTTGAGACTTC	10.409522	-59.940679	0	T:42.0(0.23%),B:2.3(0.03%),P:1e-26
0.100	0.700	0.100	0.100
0.100	0.700	0.100	0.100
0.100	0.100	0.100	0.700
0.100	0.100	0.100	0.700
0.100	0.100	0.700	0.100
0.700	0.100	0.100	0.100
0.100	0.100	0.700	0.100
0.700	0.100	0.100	0.100
0.100	0.700	0.100	0.100
0.100	0.100	0.100	0.700
0.100	0.100	0.100	0.700
0.100	0.700	0.100	0.100
