>RAAGAACAAM	RAAGAACAAM	5.867984	-53.626829	0	T:1973.0(18.96%),B:4251.5(15.31%),P:1e-23
0.373	0.209	0.227	0.191
0.483	0.230	0.152	0.135
0.635	0.017	0.209	0.139
0.239	0.057	0.579	0.125
0.556	0.105	0.196	0.143
0.744	0.198	0.005	0.053
0.201	0.663	0.097	0.039
0.776	0.116	0.001	0.107
0.607	0.149	0.151	0.093
0.374	0.286	0.180	0.161
>GTAGTAGTAG	GTAGTAGTAG	10.624368	-25.265710	0	T:10.0(0.10%),B:1.8(0.01%),P:1e-10
0.001	0.001	0.997	0.001
0.001	0.001	0.001	0.997
0.981	0.017	0.001	0.001
0.001	0.001	0.997	0.001
0.001	0.043	0.001	0.955
0.981	0.017	0.001	0.001
0.001	0.017	0.965	0.017
0.001	0.001	0.001	0.997
0.997	0.001	0.001	0.001
0.001	0.001	0.997	0.001
>CCCCCCCCMM	CCCCCCCCMM	9.253232	-15.106222	0	T:328.0(3.15%),B:657.2(2.37%),P:1e-6
0.246	0.561	0.112	0.081
0.001	0.997	0.001	0.001
0.001	0.969	0.029	0.001
0.001	0.947	0.001	0.051
0.001	0.997	0.001	0.001
0.001	0.997	0.001	0.001
0.179	0.819	0.001	0.001
0.307	0.516	0.176	0.001
0.293	0.431	0.275	0.001
0.410	0.462	0.127	0.001
>TTACTATSKA	TTACTATSKA	12.252697	-38.329789	0	T:21.0(0.20%),B:5.0(0.02%),P:1e-16
0.001	0.001	0.001	0.997
0.001	0.001	0.001	0.997
0.997	0.001	0.001	0.001
0.001	0.997	0.001	0.001
0.001	0.001	0.001	0.997
0.997	0.001	0.001	0.001
0.001	0.001	0.001	0.997
0.001	0.553	0.445	0.001
0.001	0.001	0.538	0.460
0.997	0.001	0.001	0.001
>GAACAYTTTG	GAACAYTTTG	8.489372	-46.767206	0	T:304.0(2.92%),B:453.3(1.63%),P:1e-20
0.001	0.037	0.961	0.001
0.869	0.129	0.001	0.001
0.997	0.001	0.001	0.001
0.055	0.943	0.001	0.001
0.891	0.001	0.001	0.107
0.001	0.448	0.171	0.380
0.242	0.001	0.156	0.601
0.089	0.201	0.231	0.479
0.001	0.001	0.103	0.895
0.312	0.001	0.686	0.001
>AAAATCTAAG	AAAATCTAAG	10.296193	-24.145863	0	T:12.0(0.12%),B:2.7(0.01%),P:1e-10
0.700	0.100	0.100	0.100
0.700	0.100	0.100	0.100
0.700	0.100	0.100	0.100
0.700	0.100	0.100	0.100
0.100	0.100	0.100	0.700
0.100	0.700	0.100	0.100
0.100	0.100	0.100	0.700
0.700	0.100	0.100	0.100
0.700	0.100	0.100	0.100
0.100	0.100	0.700	0.100
>GCCTCCGTGT	GCCTCCGTGT	10.296193	-21.366361	0	T:11.0(0.11%),B:2.5(0.01%),P:1e-9
0.100	0.100	0.700	0.100
0.100	0.700	0.100	0.100
0.100	0.700	0.100	0.100
0.100	0.100	0.100	0.700
0.100	0.700	0.100	0.100
0.100	0.700	0.100	0.100
0.100	0.100	0.700	0.100
0.100	0.100	0.100	0.700
0.100	0.100	0.700	0.100
0.100	0.100	0.100	0.700
>TAAGTACTGA	TAAGTACTGA	10.296193	-24.145863	0	T:12.0(0.12%),B:2.0(0.01%),P:1e-10
0.100	0.100	0.100	0.700
0.700	0.100	0.100	0.100
0.700	0.100	0.100	0.100
0.100	0.100	0.700	0.100
0.100	0.100	0.100	0.700
0.700	0.100	0.100	0.100
0.100	0.700	0.100	0.100
0.100	0.100	0.100	0.700
0.100	0.100	0.700	0.100
0.700	0.100	0.100	0.100
>TCAAACTCCA	TCAAACTCCA	10.296193	-24.608608	0	T:14.0(0.13%),B:3.4(0.01%),P:1e-10
0.100	0.100	0.100	0.700
0.100	0.700	0.100	0.100
0.700	0.100	0.100	0.100
0.700	0.100	0.100	0.100
0.700	0.100	0.100	0.100
0.100	0.700	0.100	0.100
0.100	0.100	0.100	0.700
0.100	0.700	0.100	0.100
0.100	0.700	0.100	0.100
0.700	0.100	0.100	0.100
>HTAGGGGTCC	HTAGGGGTCC	5.688137	-52.151317	0	T:1982.0(19.05%),B:4287.7(15.44%),P:1e-22
0.303	0.287	0.137	0.272
0.176	0.157	0.171	0.496
0.513	0.188	0.195	0.104
0.087	0.001	0.910	0.002
0.118	0.003	0.859	0.020
0.137	0.002	0.833	0.028
0.141	0.124	0.664	0.071
0.140	0.258	0.029	0.573
0.001	0.698	0.237	0.064
0.102	0.804	0.031	0.063
>TCCGCGCGAT	TCCGCGCGAT	10.747953	-55.556718	0	T:22.0(0.21%),B:2.2(0.01%),P:1e-24
0.001	0.001	0.001	0.997
0.001	0.997	0.001	0.001
0.001	0.997	0.001	0.001
0.145	0.001	0.853	0.001
0.145	0.853	0.001	0.001
0.001	0.001	0.853	0.145
0.145	0.853	0.001	0.001
0.146	0.146	0.707	0.001
0.997	0.001	0.001	0.001
0.001	0.001	0.120	0.878
>GAGCTTATCA	GAGCTTATCA	13.751003	-28.649160	0	T:11.0(0.11%),B:2.0(0.01%),P:1e-12
0.001	0.001	0.997	0.001
0.997	0.001	0.001	0.001
0.001	0.001	0.997	0.001
0.001	0.997	0.001	0.001
0.001	0.001	0.041	0.957
0.001	0.001	0.001	0.997
0.997	0.001	0.001	0.001
0.041	0.001	0.001	0.957
0.001	0.997	0.001	0.001
0.997	0.001	0.001	0.001
