>GGGCGTGGAGGT	GGGCGTGGAGGT	11.451812	-103.484384	0	T:54.0(0.33%),B:2.7(0.03%),P:1e-44
0.028	0.015	0.926	0.031
0.047	0.051	0.887	0.015
0.012	0.034	0.926	0.028
0.033	0.833	0.087	0.047
0.049	0.045	0.878	0.028
0.052	0.069	0.119	0.760
0.015	0.009	0.932	0.044
0.032	0.035	0.882	0.051
0.762	0.047	0.150	0.041
0.084	0.019	0.868	0.029
0.063	0.056	0.843	0.038
0.061	0.065	0.147	0.727
>TCCGGGAGCCCT	TCCGGGAGCCCT	10.409522	-85.814840	0	T:38.0(0.23%),B:2.0(0.02%),P:1e-37
0.100	0.100	0.100	0.700
0.100	0.700	0.100	0.100
0.100	0.700	0.100	0.100
0.100	0.100	0.700	0.100
0.100	0.100	0.700	0.100
0.100	0.100	0.700	0.100
0.700	0.100	0.100	0.100
0.100	0.100	0.700	0.100
0.100	0.700	0.100	0.100
0.100	0.700	0.100	0.100
0.100	0.700	0.100	0.100
0.100	0.100	0.100	0.700
>TCCGACTCCCAG	TCCGACTCCCAG	10.409522	-85.814840	0	T:38.0(0.23%),B:2.0(0.02%),P:1e-37
0.100	0.100	0.100	0.700
0.100	0.700	0.100	0.100
0.100	0.700	0.100	0.100
0.100	0.100	0.700	0.100
0.700	0.100	0.100	0.100
0.100	0.700	0.100	0.100
0.100	0.100	0.100	0.700
0.100	0.700	0.100	0.100
0.100	0.700	0.100	0.100
0.100	0.700	0.100	0.100
0.700	0.100	0.100	0.100
0.100	0.100	0.700	0.100
>GCCGAGGGCGCA	GCCGAGGGCGCA	9.449988	-84.549089	0	T:61.0(0.37%),B:4.4(0.04%),P:1e-36
0.072	0.128	0.727	0.073
0.088	0.697	0.153	0.062
0.123	0.603	0.159	0.115
0.079	0.163	0.687	0.071
0.534	0.189	0.179	0.098
0.080	0.092	0.769	0.059
0.099	0.127	0.693	0.081
0.087	0.150	0.697	0.066
0.111	0.673	0.134	0.082
0.099	0.117	0.683	0.101
0.067	0.707	0.158	0.068
0.532	0.167	0.203	0.098
>CGCAGCACCCCT	CGCAGCACCCCT	10.409522	-79.548628	0	T:36.0(0.22%),B:1.5(0.02%),P:1e-34
0.100	0.700	0.100	0.100
0.100	0.100	0.700	0.100
0.100	0.700	0.100	0.100
0.700	0.100	0.100	0.100
0.100	0.100	0.700	0.100
0.100	0.700	0.100	0.100
0.700	0.100	0.100	0.100
0.100	0.700	0.100	0.100
0.100	0.700	0.100	0.100
0.100	0.700	0.100	0.100
0.100	0.700	0.100	0.100
0.100	0.100	0.100	0.700
>GGAACCCGGGCG	GGAACCCGGGCG	11.123604	-85.814840	0	T:38.0(0.23%),B:2.0(0.02%),P:1e-37
0.048	0.059	0.857	0.036
0.054	0.074	0.830	0.042
0.691	0.095	0.171	0.043
0.620	0.113	0.199	0.068
0.052	0.742	0.167	0.039
0.070	0.763	0.106	0.061
0.112	0.716	0.096	0.076
0.118	0.081	0.743	0.058
0.076	0.092	0.785	0.047
0.045	0.095	0.829	0.031
0.093	0.698	0.119	0.090
0.081	0.100	0.727	0.092
>GTGTGTGTGTGT	GTGTGTGTGTGT	10.133315	-15.658255	0	T:597.0(3.64%),B:294.9(2.94%),P:1e-6
0.366	0.088	0.517	0.029
0.086	0.001	0.059	0.854
0.003	0.096	0.844	0.057
0.110	0.053	0.001	0.836
0.274	0.163	0.533	0.030
0.096	0.001	0.001	0.902
0.037	0.051	0.886	0.026
0.062	0.040	0.006	0.892
0.289	0.074	0.608	0.029
0.001	0.026	0.018	0.955
0.001	0.062	0.931	0.006
0.017	0.104	0.056	0.823
