>AYACAMACAC	AYACAMACAC	6.133011	-24.904191	0	T:917.0(11.12%),B:1605.6(8.96%),P:1e-10
0.557	0.089	0.238	0.116
0.148	0.355	0.141	0.357
0.762	0.025	0.145	0.068
0.221	0.531	0.159	0.089
0.997	0.001	0.001	0.001
0.493	0.416	0.057	0.034
0.982	0.003	0.014	0.001
0.130	0.788	0.042	0.040
0.806	0.099	0.001	0.094
0.204	0.586	0.007	0.203
>GCAGCTGCAC	GCAGCTGCAC	7.044142	-32.161557	0	T:542.0(6.57%),B:840.4(4.69%),P:1e-13
0.038	0.062	0.816	0.084
0.072	0.840	0.085	0.003
0.820	0.028	0.061	0.091
0.062	0.070	0.800	0.068
0.064	0.867	0.041	0.028
0.077	0.111	0.075	0.737
0.079	0.090	0.736	0.095
0.045	0.805	0.083	0.067
0.788	0.020	0.114	0.078
0.067	0.781	0.126	0.026
>CGGGCCCGAY	CGGGCCCGAY	10.300412	-37.221187	0	T:20.0(0.24%),B:3.2(0.02%),P:1e-16
0.099	0.899	0.001	0.001
0.099	0.001	0.899	0.001
0.100	0.007	0.892	0.001
0.001	0.001	0.997	0.001
0.001	0.899	0.001	0.099
0.001	0.792	0.206	0.001
0.100	0.793	0.007	0.100
0.001	0.001	0.997	0.001
0.827	0.001	0.171	0.001
0.100	0.489	0.001	0.410
>CGACCAATCA	CGACCAATCA	6.864797	-39.110573	0	T:237.0(2.87%),B:282.2(1.57%),P:1e-16
0.111	0.631	0.097	0.161
0.127	0.074	0.714	0.085
0.705	0.106	0.140	0.049
0.031	0.846	0.092	0.031
0.050	0.903	0.026	0.021
0.886	0.084	0.015	0.015
0.802	0.036	0.111	0.051
0.054	0.047	0.065	0.834
0.051	0.839	0.089	0.021
0.845	0.044	0.065	0.046
>GAGCCCGGGC	GAGCCCGGGC	10.296193	-19.263143	0	T:11.0(0.13%),B:2.9(0.02%),P:1e-8
0.100	0.100	0.700	0.100
0.700	0.100	0.100	0.100
0.100	0.100	0.700	0.100
0.100	0.700	0.100	0.100
0.100	0.700	0.100	0.100
0.100	0.700	0.100	0.100
0.100	0.100	0.700	0.100
0.100	0.100	0.700	0.100
0.100	0.100	0.700	0.100
0.100	0.700	0.100	0.100
>TCCAGACTGG	TCCAGACTGG	10.461943	-32.879397	0	T:16.0(0.19%),B:2.3(0.01%),P:1e-14
0.001	0.001	0.001	0.997
0.001	0.997	0.001	0.001
0.001	0.961	0.037	0.001
0.997	0.001	0.001	0.001
0.001	0.001	0.997	0.001
0.997	0.001	0.001	0.001
0.001	0.997	0.001	0.001
0.001	0.001	0.001	0.997
0.038	0.038	0.923	0.001
0.001	0.001	0.997	0.001
>GCGACCCCTA	GCGACCCCTA	7.542086	-30.597476	0	T:117.0(1.42%),B:117.9(0.66%),P:1e-13
0.041	0.044	0.896	0.019
0.056	0.691	0.104	0.149
0.038	0.056	0.846	0.060
0.719	0.164	0.054	0.063
0.037	0.854	0.065	0.044
0.096	0.810	0.047	0.047
0.025	0.782	0.059	0.134
0.031	0.915	0.035	0.019
0.084	0.060	0.081	0.775
0.718	0.086	0.165	0.031
>GAACCAAACA	GAACCAAACA	9.652742	-43.721061	0	T:82.0(0.99%),B:54.4(0.30%),P:1e-18
0.081	0.001	0.902	0.016
0.997	0.001	0.001	0.001
0.849	0.040	0.071	0.040
0.001	0.997	0.001	0.001
0.299	0.684	0.016	0.001
0.919	0.040	0.001	0.040
0.955	0.043	0.001	0.001
0.842	0.156	0.001	0.001
0.001	0.997	0.001	0.001
0.889	0.001	0.016	0.094
>AACCAAATCA	AACCAAATCA	10.616453	-39.412534	0	T:25.0(0.30%),B:5.8(0.03%),P:1e-17
0.997	0.001	0.001	0.001
0.783	0.100	0.039	0.078
0.175	0.550	0.175	0.100
0.001	0.960	0.001	0.038
0.745	0.001	0.215	0.039
0.723	0.001	0.178	0.098
0.997	0.001	0.001	0.001
0.001	0.252	0.001	0.746
0.001	0.960	0.001	0.038
0.997	0.001	0.001	0.001
>TTGACAGCCT	TTGACAGCCT	8.839204	-28.701731	0	T:78.0(0.95%),B:66.0(0.37%),P:1e-12
0.001	0.110	0.030	0.859
0.019	0.019	0.036	0.926
0.001	0.110	0.855	0.034
0.901	0.081	0.001	0.017
0.080	0.835	0.084	0.001
0.915	0.001	0.001	0.083
0.001	0.001	0.980	0.018
0.019	0.813	0.084	0.084
0.001	0.980	0.018	0.001
0.001	0.001	0.018	0.980
>GGTTTAACCA	GGTTTAACCA	8.471154	-62.145019	0	T:21.0(0.25%),B:1.7(0.01%),P:1e-26
0.080	0.192	0.680	0.048
0.044	0.077	0.752	0.127
0.031	0.039	0.028	0.902
0.118	0.186	0.001	0.695
0.051	0.031	0.155	0.763
0.706	0.008	0.266	0.020
0.687	0.154	0.036	0.123
0.035	0.741	0.008	0.216
0.177	0.498	0.150	0.174
0.581	0.206	0.174	0.039
>GGGAGGTGGG	GGGAGGTGGG	10.296193	-19.155050	0	T:23.0(0.28%),B:11.8(0.07%),P:1e-8
0.100	0.100	0.700	0.100
0.100	0.100	0.700	0.100
0.100	0.100	0.700	0.100
0.700	0.100	0.100	0.100
0.100	0.100	0.700	0.100
0.100	0.100	0.700	0.100
0.100	0.100	0.100	0.700
0.100	0.100	0.700	0.100
0.100	0.100	0.700	0.100
0.100	0.100	0.700	0.100
>GGCAGGGTGC	GGCAGGGTGC	10.296193	-23.289545	0	T:10.0(0.12%),B:1.7(0.01%),P:1e-10
0.100	0.100	0.700	0.100
0.100	0.100	0.700	0.100
0.100	0.700	0.100	0.100
0.700	0.100	0.100	0.100
0.100	0.100	0.700	0.100
0.100	0.100	0.700	0.100
0.100	0.100	0.700	0.100
0.100	0.100	0.100	0.700
0.100	0.100	0.700	0.100
0.100	0.700	0.100	0.100
>TAGGACTCCA	TAGGACTCCA	7.252080	-29.706147	0	T:221.0(2.68%),B:282.5(1.58%),P:1e-12
0.284	0.159	0.007	0.550
0.664	0.057	0.156	0.123
0.055	0.009	0.893	0.043
0.122	0.057	0.791	0.030
0.790	0.069	0.096	0.045
0.011	0.635	0.255	0.099
0.025	0.045	0.079	0.851
0.108	0.779	0.101	0.012
0.009	0.959	0.009	0.023
0.682	0.025	0.029	0.264
>GCATCCCATC	GCATCCCATC	9.939477	-28.320323	0	T:26.0(0.32%),B:9.2(0.05%),P:1e-12
0.001	0.001	0.936	0.062
0.062	0.936	0.001	0.001
0.687	0.001	0.062	0.250
0.063	0.019	0.101	0.817
0.062	0.875	0.062	0.001
0.001	0.997	0.001	0.001
0.062	0.936	0.001	0.001
0.875	0.062	0.001	0.062
0.001	0.010	0.018	0.971
0.062	0.875	0.062	0.001
>AAAGGTCAGG	AAAGGTCAGG	9.490947	-46.904606	0	T:30.0(0.36%),B:6.6(0.04%),P:1e-20
0.575	0.423	0.001	0.001
0.997	0.001	0.001	0.001
0.997	0.001	0.001	0.001
0.001	0.025	0.973	0.001
0.001	0.001	0.997	0.001
0.001	0.001	0.001	0.997
0.051	0.897	0.051	0.001
0.997	0.001	0.001	0.001
0.001	0.001	0.997	0.001
0.001	0.001	0.997	0.001
