>YACTTCCTCTTT	YACTTCCTCTTT	7.143499	-8281.736508	0	T:14134.0(46.39%),B:4527.7(15.21%),P:1e-3596
0.212	0.374	0.147	0.267
0.539	0.054	0.238	0.169
0.001	0.620	0.247	0.132
0.008	0.001	0.001	0.990
0.001	0.001	0.001	0.997
0.001	0.997	0.001	0.001
0.001	0.823	0.001	0.175
0.015	0.302	0.128	0.555
0.054	0.462	0.200	0.284
0.247	0.215	0.079	0.459
0.193	0.183	0.105	0.519
0.226	0.229	0.119	0.426
>DVTGASTCABMN	DVTGASTCABMN	6.876210	-4025.686277	0	T:5018.0(16.47%),B:1062.8(3.57%),P:1e-1748
0.214	0.178	0.358	0.249
0.326	0.317	0.309	0.047
0.013	0.002	0.006	0.979
0.003	0.007	0.952	0.038
0.952	0.002	0.003	0.043
0.030	0.417	0.530	0.023
0.025	0.009	0.006	0.960
0.030	0.963	0.005	0.002
0.990	0.006	0.001	0.003
0.042	0.303	0.347	0.308
0.252	0.386	0.171	0.191
0.300	0.293	0.200	0.208
>RGAACABWVTGT	RGAACABWVTGT	8.873023	-1234.808598	0	T:2499.0(8.20%),B:767.9(2.58%),P:1e-536
0.493	0.001	0.411	0.095
0.001	0.001	0.997	0.001
0.436	0.153	0.275	0.136
0.997	0.001	0.001	0.001
0.001	0.997	0.001	0.001
0.810	0.001	0.001	0.188
0.101	0.258	0.394	0.247
0.333	0.170	0.182	0.315
0.246	0.316	0.310	0.128
0.214	0.001	0.005	0.780
0.001	0.001	0.997	0.001
0.001	0.001	0.041	0.957
>DRTTKTGMAAYA	DRTTKTGMAAYA	6.601016	-2558.292141	0	T:7006.0(23.00%),B:2738.2(9.20%),P:1e-1111
0.276	0.001	0.305	0.418
0.308	0.241	0.450	0.001
0.001	0.001	0.001	0.997
0.001	0.001	0.324	0.674
0.252	0.001	0.436	0.312
0.120	0.001	0.217	0.662
0.001	0.001	0.997	0.001
0.398	0.535	0.001	0.066
0.997	0.001	0.001	0.001
0.997	0.001	0.001	0.001
0.018	0.334	0.226	0.422
0.575	0.202	0.117	0.106
>GTCACGTGACHN	GTCACGTGACHN	6.577467	-835.115896	0	T:4064.0(13.34%),B:2012.4(6.76%),P:1e-362
0.269	0.183	0.477	0.070
0.112	0.255	0.161	0.472
0.006	0.964	0.025	0.005
0.825	0.073	0.011	0.091
0.027	0.559	0.023	0.391
0.405	0.001	0.593	0.001
0.057	0.002	0.065	0.876
0.002	0.048	0.948	0.002
0.582	0.105	0.203	0.110
0.031	0.606	0.165	0.198
0.298	0.261	0.106	0.335
0.205	0.227	0.302	0.266
>GGGGCGGGGCCD	GGGGCGGGGCCD	6.893781	-709.464958	0	T:4023.0(13.21%),B:2107.5(7.08%),P:1e-308
0.144	0.012	0.627	0.217
0.122	0.001	0.876	0.001
0.001	0.001	0.997	0.001
0.001	0.001	0.997	0.001
0.014	0.971	0.001	0.014
0.001	0.001	0.997	0.001
0.001	0.001	0.806	0.192
0.269	0.001	0.705	0.025
0.023	0.056	0.917	0.004
0.119	0.800	0.001	0.080
0.044	0.549	0.202	0.205
0.264	0.167	0.240	0.329
>RGTGACGTCATC	RGTGACGTCATC	8.436815	-675.696807	0	T:1547.0(5.08%),B:511.8(1.72%),P:1e-293
0.420	0.125	0.285	0.171
0.216	0.161	0.607	0.016
0.016	0.005	0.011	0.968
0.001	0.011	0.975	0.013
0.969	0.006	0.005	0.020
0.066	0.481	0.183	0.270
0.153	0.264	0.489	0.094
0.021	0.023	0.004	0.952
0.024	0.971	0.002	0.003
0.972	0.012	0.003	0.013
0.016	0.119	0.261	0.604
0.059	0.712	0.133	0.096
>ACTTCTGCTTTT	ACTTCTGCTTTT	9.975920	-452.227574	0	T:910.0(2.99%),B:274.2(0.92%),P:1e-196
0.511	0.126	0.244	0.119
0.021	0.670	0.212	0.097
0.018	0.035	0.001	0.946
0.010	0.001	0.004	0.985
0.001	0.963	0.022	0.014
0.006	0.037	0.001	0.956
0.069	0.165	0.764	0.002
0.005	0.713	0.062	0.220
0.108	0.047	0.001	0.844
0.066	0.075	0.063	0.796
0.022	0.268	0.037	0.673
0.063	0.312	0.083	0.542
>ACATTGCGTAAT	ACATTGCGTAAT	5.969779	-336.131233	0	T:2804.0(9.20%),B:1645.9(5.53%),P:1e-145
0.723	0.077	0.102	0.098
0.073	0.811	0.072	0.044
0.842	0.057	0.040	0.061
0.055	0.086	0.073	0.786
0.039	0.016	0.053	0.892
0.085	0.051	0.781	0.083
0.202	0.509	0.124	0.165
0.109	0.104	0.675	0.112
0.131	0.126	0.061	0.682
0.796	0.109	0.046	0.049
0.806	0.093	0.045	0.056
0.068	0.116	0.118	0.698
>CTGCGCATGCGC	CTGCGCATGCGC	9.730427	-127.429119	0	T:659.0(2.16%),B:327.7(1.10%),P:1e-55
0.081	0.666	0.139	0.114
0.027	0.128	0.114	0.731
0.052	0.004	0.940	0.004
0.051	0.899	0.040	0.010
0.033	0.009	0.950	0.008
0.005	0.968	0.017	0.010
0.695	0.203	0.048	0.054
0.039	0.067	0.174	0.720
0.009	0.032	0.948	0.011
0.006	0.971	0.007	0.016
0.014	0.030	0.908	0.048
0.004	0.874	0.009	0.113
>AGGAACAGGAAG	AGGAACAGGAAG	8.614580	-149.717678	0	T:1869.0(6.13%),B:1209.9(4.06%),P:1e-65
0.546	0.032	0.375	0.047
0.362	0.001	0.636	0.001
0.124	0.124	0.721	0.031
0.654	0.217	0.128	0.001
0.892	0.066	0.041	0.001
0.023	0.852	0.115	0.010
0.736	0.022	0.025	0.217
0.188	0.001	0.781	0.030
0.335	0.017	0.647	0.001
0.739	0.120	0.140	0.001
0.901	0.007	0.042	0.050
0.215	0.246	0.536	0.003
>TGCGTGGGAGGA	TGCGTGGGAGGA	7.875943	-218.609868	0	T:2538.0(8.33%),B:1619.3(5.44%),P:1e-94
0.123	0.056	0.190	0.631
0.041	0.109	0.790	0.060
0.149	0.442	0.171	0.238
0.052	0.124	0.758	0.066
0.090	0.063	0.128	0.719
0.067	0.026	0.856	0.051
0.036	0.022	0.893	0.049
0.066	0.067	0.836	0.031
0.750	0.066	0.053	0.131
0.080	0.017	0.846	0.057
0.045	0.056	0.843	0.056
0.636	0.122	0.163	0.079
>DRTGACTAATNN	DRTGACTAATNN	7.127550	-598.861018	0	T:2019.0(6.63%),B:835.1(2.81%),P:1e-260
0.240	0.149	0.378	0.233
0.392	0.190	0.325	0.092
0.006	0.014	0.015	0.965
0.016	0.017	0.935	0.032
0.930	0.011	0.042	0.017
0.051	0.704	0.206	0.039
0.050	0.030	0.026	0.894
0.925	0.001	0.035	0.039
0.804	0.047	0.073	0.076
0.059	0.183	0.222	0.536
0.236	0.202	0.281	0.280
0.234	0.301	0.228	0.236
>GCTAAAAATAGC	GCTAAAAATAGC	7.822735	-262.790348	0	T:901.0(2.96%),B:373.8(1.26%),P:1e-114
0.090	0.055	0.694	0.161
0.047	0.792	0.018	0.143
0.028	0.070	0.006	0.896
0.886	0.037	0.037	0.040
0.875	0.021	0.031	0.073
0.936	0.015	0.027	0.022
0.935	0.009	0.020	0.036
0.926	0.009	0.015	0.050
0.032	0.045	0.005	0.918
0.962	0.003	0.026	0.009
0.097	0.064	0.803	0.036
0.231	0.649	0.070	0.050
