>CCCCCCCCCCCC	CCCCCCCCCCCC	8.595081	-143.103888	0	T:1242.0(10.31%),B:2346.4(6.30%),P:1e-62
0.037	0.887	0.033	0.043
0.071	0.854	0.032	0.043
0.070	0.852	0.033	0.045
0.077	0.839	0.047	0.037
0.082	0.822	0.057	0.039
0.059	0.881	0.044	0.016
0.065	0.875	0.036	0.024
0.085	0.845	0.038	0.032
0.078	0.845	0.042	0.035
0.084	0.839	0.046	0.031
0.076	0.854	0.046	0.024
0.043	0.880	0.051	0.026
>NBRCTTCCTGTN	NBRCTTCCTGTN	8.078597	-2568.456426	0	T:3584.0(29.76%),B:2841.0(7.63%),P:1e-1115
0.191	0.332	0.202	0.275
0.188	0.350	0.221	0.240
0.453	0.115	0.331	0.102
0.001	0.561	0.058	0.380
0.176	0.008	0.001	0.815
0.001	0.006	0.017	0.976
0.001	0.965	0.007	0.027
0.001	0.997	0.001	0.001
0.001	0.008	0.007	0.984
0.029	0.224	0.561	0.186
0.117	0.290	0.108	0.484
0.188	0.324	0.207	0.281
>ATATATATATAT	ATATATATATAT	10.021771	-19.873915	0	T:136.0(1.13%),B:243.6(0.65%),P:1e-8
0.691	0.106	0.055	0.148
0.142	0.209	0.068	0.581
0.803	0.088	0.086	0.023
0.089	0.210	0.001	0.700
0.917	0.007	0.040	0.036
0.001	0.206	0.001	0.792
0.792	0.107	0.014	0.087
0.025	0.180	0.070	0.725
0.814	0.083	0.023	0.080
0.056	0.223	0.010	0.711
0.991	0.005	0.001	0.003
0.007	0.278	0.007	0.708
