>TCTCTCTCTCTCTCA	TCTCTCTCTCTCTCA	13.498380	-7.135582	0	T:17.0(1.29%),B:234.1(0.52%),P:1e-3
0.100	0.100	0.100	0.700
0.100	0.700	0.100	0.100
0.100	0.100	0.100	0.700
0.100	0.700	0.100	0.100
0.100	0.100	0.100	0.700
0.100	0.700	0.100	0.100
0.100	0.100	0.100	0.700
0.100	0.700	0.100	0.100
0.100	0.100	0.100	0.700
0.100	0.700	0.100	0.100
0.100	0.100	0.100	0.700
0.100	0.700	0.100	0.100
0.100	0.100	0.100	0.700
0.100	0.700	0.100	0.100
0.700	0.100	0.100	0.100
>CGCTCTCTCTCTCYC	CGCTCTCTCTCTCYC	17.348069	-10.249696	0	T:4.0(0.30%),B:6.7(0.02%),P:1e-4
0.001	0.851	0.001	0.147
0.148	0.051	0.740	0.061
0.001	0.997	0.001	0.001
0.001	0.001	0.147	0.851
0.001	0.997	0.001	0.001
0.001	0.001	0.147	0.851
0.001	0.997	0.001	0.001
0.001	0.001	0.001	0.997
0.001	0.997	0.001	0.001
0.001	0.001	0.001	0.997
0.001	0.997	0.001	0.001
0.001	0.001	0.001	0.997
0.001	0.997	0.001	0.001
0.001	0.443	0.001	0.555
0.001	0.938	0.001	0.060
>YCTCTCTCTCTCYTC	YCTCTCTCTCTCYTC	4.669540	-4.701751	0	T:259.0(19.68%),B:7651.8(17.15%),P:1e-2
0.001	0.489	0.001	0.509
0.001	0.761	0.036	0.202
0.001	0.278	0.065	0.656
0.001	0.997	0.001	0.001
0.001	0.036	0.045	0.918
0.001	0.997	0.001	0.001
0.001	0.028	0.001	0.970
0.001	0.804	0.130	0.065
0.001	0.064	0.001	0.934
0.001	0.829	0.001	0.169
0.065	0.144	0.001	0.790
0.001	0.685	0.001	0.313
0.065	0.447	0.001	0.487
0.001	0.181	0.004	0.814
0.065	0.693	0.001	0.241
>AAAAAAAAAAAAAAA	AAAAAAAAAAAAAAA	-1.033579	-15.020906	0	T:545.0(41.41%),B:15498.9(34.74%),P:1e-6
0.842	0.001	0.012	0.145
0.791	0.107	0.046	0.056
0.944	0.030	0.025	0.001
0.928	0.041	0.030	0.001
0.925	0.073	0.001	0.001
0.891	0.107	0.001	0.001
0.901	0.068	0.030	0.001
0.938	0.001	0.046	0.015
0.968	0.001	0.030	0.001
0.948	0.033	0.018	0.001
0.902	0.096	0.001	0.001
0.663	0.202	0.134	0.001
0.529	0.306	0.058	0.107
0.494	0.313	0.091	0.102
0.594	0.245	0.077	0.084
>TTTTTTTTTWTTTTT	TTTTTTTTTWTTTTT	12.130867	-12.386116	0	T:3.0(0.23%),B:1.8(0.00%),P:1e-5
0.001	0.001	0.001	0.997
0.001	0.001	0.001	0.997
0.001	0.001	0.001	0.997
0.166	0.001	0.166	0.667
0.001	0.332	0.001	0.666
0.166	0.166	0.001	0.667
0.166	0.001	0.001	0.832
0.001	0.001	0.166	0.832
0.001	0.332	0.001	0.666
0.499	0.001	0.001	0.499
0.166	0.001	0.001	0.832
0.333	0.166	0.001	0.500
0.167	0.167	0.167	0.500
0.001	0.333	0.166	0.500
0.001	0.166	0.001	0.832
>TTGTTGTTGTTGTTG	TTGTTGTTGTTGTTG	9.414868	-12.626858	0	T:23.0(1.75%),B:252.2(0.57%),P:1e-5
0.055	0.180	0.060	0.705
0.090	0.001	0.270	0.639
0.150	0.062	0.728	0.060
0.120	0.128	0.060	0.692
0.120	0.001	0.210	0.669
0.091	0.030	0.849	0.030
0.060	0.127	0.120	0.693
0.150	0.031	0.144	0.675
0.059	0.001	0.939	0.001
0.091	0.151	0.031	0.727
0.030	0.031	0.181	0.758
0.090	0.150	0.730	0.030
0.060	0.241	0.092	0.607
0.030	0.002	0.213	0.755
0.120	0.001	0.849	0.030
>TTTTTTTTAAAGGTA	TTTTTTTTAAAGGTA	13.859528	-22.436275	0	T:5.0(0.38%),B:1.0(0.00%),P:1e-9
0.001	0.001	0.233	0.765
0.001	0.001	0.001	0.997
0.001	0.001	0.001	0.997
0.001	0.001	0.001	0.997
0.233	0.233	0.001	0.533
0.001	0.001	0.233	0.765
0.001	0.001	0.001	0.997
0.001	0.001	0.233	0.765
0.997	0.001	0.001	0.001
0.765	0.233	0.001	0.001
0.997	0.001	0.001	0.001
0.233	0.001	0.467	0.299
0.233	0.001	0.765	0.001
0.001	0.001	0.233	0.765
0.765	0.233	0.001	0.001
>TCTCGCGAGAMYTBS	TCTCGCGAGAMYTBS	11.089470	-62.303221	0	T:45.0(3.42%),B:169.3(0.38%),P:1e-27
0.111	0.167	0.001	0.721
0.267	0.677	0.055	0.001
0.001	0.001	0.110	0.888
0.001	0.997	0.001	0.001
0.001	0.001	0.997	0.001
0.055	0.889	0.055	0.001
0.001	0.001	0.997	0.001
0.621	0.222	0.156	0.001
0.001	0.001	0.997	0.001
0.722	0.001	0.276	0.001
0.394	0.334	0.103	0.169
0.113	0.283	0.225	0.380
0.112	0.214	0.171	0.503
0.112	0.218	0.337	0.333
0.102	0.337	0.394	0.168
>GACTACAKTTCCCAG	GACTACAKTTCCCAG	10.023059	-51.017404	0	T:65.0(4.94%),B:489.8(1.10%),P:1e-22
0.240	0.028	0.563	0.169
0.790	0.098	0.098	0.014
0.028	0.930	0.014	0.028
0.001	0.225	0.070	0.704
0.523	0.295	0.070	0.112
0.028	0.902	0.042	0.028
0.606	0.155	0.169	0.070
0.212	0.141	0.267	0.381
0.085	0.295	0.084	0.536
0.028	0.084	0.056	0.832
0.001	0.929	0.001	0.069
0.001	0.985	0.001	0.013
0.014	0.901	0.084	0.001
0.635	0.056	0.267	0.042
0.057	0.113	0.703	0.127
>TTSCTSTGTGGGGTT	TTSCTSTGTGGGGTT	8.047780	-22.805170	0	T:54.0(4.10%),B:673.2(1.51%),P:1e-9
0.051	0.103	0.001	0.845
0.001	0.181	0.103	0.715
0.078	0.455	0.402	0.065
0.001	0.520	0.324	0.155
0.001	0.143	0.259	0.597
0.001	0.428	0.480	0.090
0.143	0.065	0.026	0.766
0.026	0.260	0.675	0.039
0.181	0.001	0.155	0.663
0.026	0.286	0.454	0.234
0.272	0.078	0.481	0.169
0.052	0.001	0.610	0.337
0.013	0.116	0.870	0.001
0.208	0.026	0.104	0.662
0.078	0.065	0.091	0.766
>AKTKAAAGWTGTTTT	AKTKAAAGWTGTTTT	10.442811	-26.914119	0	T:11.0(0.84%),B:15.7(0.04%),P:1e-11
0.561	0.070	0.366	0.003
0.001	0.003	0.430	0.566
0.001	0.286	0.003	0.710
0.001	0.003	0.497	0.500
0.509	0.280	0.001	0.210
0.996	0.002	0.001	0.001
0.859	0.070	0.001	0.070
0.143	0.147	0.496	0.214
0.503	0.070	0.070	0.357
0.001	0.070	0.290	0.639
0.001	0.423	0.575	0.001
0.001	0.286	0.140	0.573
0.353	0.001	0.143	0.503
0.070	0.140	0.070	0.720
0.146	0.070	0.001	0.783
>TGTTTAGWTWAGWTT	TGTTTAGWTWAGWTT	9.478973	-24.494458	0	T:18.0(1.37%),B:75.0(0.17%),P:1e-10
0.277	0.001	0.001	0.721
0.174	0.001	0.824	0.001
0.203	0.087	0.088	0.622
0.001	0.001	0.001	0.997
0.001	0.001	0.001	0.997
0.727	0.001	0.001	0.271
0.001	0.349	0.649	0.001
0.453	0.087	0.001	0.459
0.001	0.262	0.011	0.726
0.447	0.001	0.001	0.551
0.553	0.087	0.001	0.359
0.087	0.185	0.727	0.001
0.563	0.001	0.001	0.435
0.185	0.001	0.273	0.541
0.001	0.087	0.262	0.650
>GTTGKTGTTGTTGTT	GTTGKTGTTGTTGTT	8.142289	-6.962740	0	T:28.0(2.13%),B:490.7(1.10%),P:1e-3
0.001	0.067	0.931	0.001
0.068	0.135	0.135	0.662
0.135	0.055	0.135	0.675
0.067	0.001	0.865	0.067
0.068	0.203	0.325	0.405
0.135	0.001	0.067	0.797
0.202	0.001	0.730	0.067
0.068	0.270	0.068	0.594
0.135	0.135	0.203	0.527
0.121	0.001	0.877	0.001
0.067	0.135	0.001	0.797
0.068	0.068	0.068	0.796
0.068	0.068	0.796	0.068
0.067	0.067	0.001	0.865
0.001	0.001	0.256	0.742
