>CTTCTBCTTCTTCGT	CTTCTBCTTCTTCGT	16.125012	-8.791914	0	T:3.0(2.42%),B:9.6(0.09%),P:1e-3
0.001	0.993	0.001	0.005
0.001	0.309	0.001	0.689
0.001	0.001	0.005	0.993
0.001	0.997	0.001	0.001
0.001	0.309	0.001	0.689
0.001	0.310	0.310	0.379
0.001	0.997	0.001	0.001
0.001	0.001	0.001	0.997
0.001	0.001	0.001	0.997
0.001	0.997	0.001	0.001
0.001	0.001	0.001	0.997
0.001	0.001	0.001	0.997
0.309	0.689	0.001	0.001
0.001	0.310	0.621	0.068
0.001	0.001	0.309	0.689
>TTCTTCTTCTTCTTC	TTCTTCTTCTTCTTC	20.643652	-2.590596	0	T:1.0(0.81%),B:7.6(0.07%),P:1e-1
0.001	0.001	0.001	0.997
0.001	0.001	0.101	0.897
0.001	0.997	0.001	0.001
0.001	0.001	0.001	0.997
0.001	0.001	0.001	0.997
0.001	0.997	0.001	0.001
0.001	0.001	0.001	0.997
0.001	0.001	0.001	0.997
0.001	0.997	0.001	0.001
0.001	0.001	0.001	0.997
0.001	0.001	0.001	0.997
0.001	0.997	0.001	0.001
0.001	0.001	0.001	0.997
0.001	0.001	0.001	0.997
0.001	0.997	0.001	0.001
>CTGTGTGCACCTGCT	CTGTGTGCACCTGCT	-7.412411	-5.232624	0	T:41.0(33.06%),B:2529.3(22.70%),P:1e-2
0.001	0.997	0.001	0.001
0.001	0.001	0.001	0.997
0.001	0.001	0.997	0.001
0.001	0.001	0.001	0.997
0.166	0.001	0.667	0.166
0.001	0.001	0.001	0.997
0.166	0.001	0.832	0.001
0.001	0.832	0.001	0.166
0.997	0.001	0.001	0.001
0.001	0.997	0.001	0.001
0.001	0.997	0.001	0.001
0.001	0.001	0.001	0.997
0.001	0.001	0.832	0.166
0.001	0.832	0.001	0.166
0.001	0.001	0.001	0.997
>CCATGAGHDCCCAHG	CCATGAGHDCCCAHG	12.345441	-18.463965	0	T:4.0(3.23%),B:2.9(0.03%),P:1e-8
0.001	0.997	0.001	0.001
0.001	0.997	0.001	0.001
0.997	0.001	0.001	0.001
0.001	0.001	0.309	0.689
0.001	0.001	0.997	0.001
0.997	0.001	0.001	0.001
0.001	0.001	0.997	0.001
0.327	0.310	0.001	0.362
0.310	0.001	0.379	0.310
0.001	0.671	0.001	0.327
0.001	0.982	0.001	0.016
0.001	0.997	0.001	0.001
0.982	0.016	0.001	0.001
0.310	0.327	0.001	0.362
0.327	0.001	0.671	0.001
>TACTCCTGGATGACA	TACTCCTGGATGACA	8.724065	-12.039017	0	T:3.0(2.42%),B:4.0(0.04%),P:1e-5
0.136	0.001	0.045	0.818
0.997	0.001	0.001	0.001
0.001	0.954	0.001	0.044
0.001	0.044	0.001	0.954
0.001	0.954	0.044	0.001
0.136	0.818	0.045	0.001
0.001	0.001	0.001	0.997
0.001	0.001	0.997	0.001
0.001	0.001	0.997	0.001
0.954	0.044	0.001	0.001
0.001	0.001	0.001	0.997
0.001	0.001	0.997	0.001
0.818	0.001	0.001	0.180
0.001	0.997	0.001	0.001
0.997	0.001	0.001	0.001
>WTARTWAAWTARYTA	WTARTWAAWTARYTA	16.396005	-9.704753	0	T:2.0(1.61%),B:0.5(0.00%),P:1e-4
0.449	0.001	0.001	0.549
0.001	0.001	0.001	0.997
0.997	0.001	0.001	0.001
0.532	0.001	0.466	0.001
0.001	0.016	0.001	0.982
0.449	0.001	0.001	0.549
0.997	0.001	0.001	0.001
0.982	0.001	0.016	0.001
0.450	0.016	0.001	0.533
0.001	0.001	0.001	0.997
0.997	0.001	0.001	0.001
0.549	0.001	0.449	0.001
0.001	0.499	0.001	0.499
0.001	0.001	0.001	0.997
0.982	0.001	0.001	0.016
>CCAACTGACTCAGAA	CCAACTGACTCAGAA	14.311067	-19.356955	0	T:5.0(4.03%),B:6.0(0.05%),P:1e-8
0.001	0.997	0.001	0.001
0.001	0.832	0.001	0.166
0.666	0.332	0.001	0.001
0.666	0.001	0.001	0.332
0.001	0.997	0.001	0.001
0.001	0.332	0.001	0.666
0.166	0.333	0.500	0.001
0.832	0.166	0.001	0.001
0.001	0.997	0.001	0.001
0.332	0.001	0.001	0.666
0.001	0.997	0.001	0.001
0.832	0.001	0.001	0.166
0.001	0.001	0.997	0.001
0.997	0.001	0.001	0.001
0.667	0.166	0.166	0.001
>AAAAAAAAAAAAACM	AAAAAAAAAAAAACM	16.178828	-7.376871	0	T:8.0(6.45%),B:168.9(1.52%),P:1e-3
0.816	0.087	0.044	0.053
0.924	0.026	0.013	0.037
0.918	0.001	0.044	0.037
0.918	0.037	0.008	0.037
0.976	0.022	0.001	0.001
0.906	0.056	0.001	0.037
0.829	0.060	0.037	0.074
0.858	0.068	0.037	0.037
0.877	0.048	0.001	0.074
0.866	0.060	0.037	0.037
0.924	0.001	0.074	0.001
0.778	0.123	0.062	0.037
0.544	0.235	0.085	0.136
0.262	0.444	0.101	0.193
0.299	0.432	0.081	0.188
>AGAKTAGCTATGTCA	AGAKTAGCTATGTCA	10.980810	-23.440224	0	T:8.0(6.45%),B:19.5(0.17%),P:1e-10
0.807	0.001	0.001	0.191
0.191	0.191	0.617	0.001
0.807	0.001	0.191	0.001
0.191	0.001	0.420	0.388
0.001	0.382	0.001	0.616
0.616	0.001	0.001	0.382
0.229	0.191	0.579	0.001
0.001	0.997	0.001	0.001
0.001	0.001	0.001	0.997
0.581	0.192	0.192	0.035
0.001	0.002	0.001	0.996
0.001	0.001	0.997	0.001
0.191	0.191	0.001	0.617
0.191	0.617	0.191	0.001
0.805	0.001	0.001	0.193
>ATGGGGCGGGGCGAG	ATGGGGCGGGGCGAG	15.747781	-11.722380	0	T:4.0(3.23%),B:11.3(0.10%),P:1e-5
0.997	0.001	0.001	0.001
0.269	0.001	0.247	0.484
0.001	0.001	0.762	0.236
0.001	0.001	0.997	0.001
0.001	0.001	0.997	0.001
0.001	0.001	0.997	0.001
0.237	0.752	0.001	0.010
0.001	0.001	0.997	0.001
0.001	0.001	0.997	0.001
0.009	0.001	0.989	0.001
0.246	0.001	0.752	0.001
0.001	0.997	0.001	0.001
0.001	0.001	0.762	0.236
0.957	0.001	0.001	0.041
0.001	0.001	0.762	0.236
